"TREATMENT"	"Citrobacter_koseri_HAMBI_1287"	"Elizabethkingia_meningoseptica_HAMBI_1875"	"Aeromonas_caviae_HAMBI_1972"	"Pseudomonas_chlororaphis_HAMBI_1977"	"Sphingobacterium_spiritivorum_HAMBI_1896"	"Comamonas_testosteroni_HAMBI_403"	"Agrobacterium_tumefaciens_HAMBI_105"	"Stenotrophomonas_maltophilia_HAMBI_2659"	"Myroides_odoratus_HAMBI_1923"	"Morganella_morganii_HAMBI_1292"	"Niabella_yanshanensis_HAMBI_3031"	"Bordetella_avium_HAMBI_2160"	"Sphingobacterium_multivorum_HAMBI_1874"	"Paracoccus_denitrificans_HAMBI_2443"	"Azorhizobium_caulinodans_HAMBI_216"	"Azospirillum_brasilense_HAMBI_3172"	"Hafnia_alvei_HAMBI_1279"	"Sphingobium_yanoikuyae_HAMBI_1842"	"Kluyvera_intermedia_HAMBI_1299"	"Roseomonas_gilardii_HAMBI_2470"	"Cupriavidus_necator_HAMBI_2164"	"Escherichia_coli_JE2571(RP4)"	"Paraburkholderia_caryophylli_HAMBI_2159"	"Chitinophaga_filiformis_HAMBI_1966"	"Thermomonas_haemolytica_HAMBI_2467"	"Moraxella_canis_HAMBI_2792"	"Acinetobacter_lwoffii_HAMBI_97"	"Pseudomonas_putida_HAMBI_6"	"Chitinophaga_sancti_HAMBI_1988"
"T12_I0_AB0_REP1"	0.0204454681853722	0.195061389235223	0.271306608059847	0.174615921049851	0.00260983495699584	0.326905602163944	5.28306671456647e-05	0	0	2.11322668582659e-05	0	0.00803026140614104	0.000940385875192832	0	0	1.05661334291329e-05	0	0	0	0	0	0	0	0	0	0	0	0	0
"T12_I0_AB0_REP2"	0.189564448374972	0.343533053283219	0.127658633650232	0.323192571302233	0.00397965951801901	0.000265310634534601	8.84368781782003e-05	0	0	0.000353747512712801	0	0	0.00853415874419633	0.000309529073623701	0	0.00252045102807871	0	0	0	0	0	0	0	0	0	0	0	0	0
"T12_I0_AB0_REP3"	0.159601668685238	0.274480778719777	0.193289373345893	0.280581348405329	0.0876059749697214	0	0	0	0.00062799982057148	0	0	0.00197371372179608	0.0015699995514287	8.971426008164e-05	0	0.00017942852016328	0	0	0	0	0	0	0	0	0	0	0	0	0
"T12_I0_AB0_REP4"	0.161163941225264	0.33833985069321	0.187388908638464	0.147810759568669	0.0813559070979974	0.00476952245526721	0.00659142078445313	0	0.0109758265197298	0.000792451712288186	0.0106573646166607	0.00708762886597938	0.0255880436070624	0.00835407038748667	0.00271803531224079	0.00615446142907927	0	0.000236994904609551	1.48121815380969e-05	0	0	0	0	0	0	0	0	0	0
"T12_I0_AB0_REP5"	0.174806307086809	0.285650634916706	0.23084729820045	0.1852273571128	0.0172776553875096	0.0133419144038219	0.0059902472833486	0.0403970395306815	0.00198024703581772	0.0017327161563405	0.00955469194782049	0.00727740785663011	0.00826753137453897	0.00903487710091834	7.42592638431644e-05	0.00740117329636872	0.000519814846902151	0	0.000272283967424936	0	0.000346543231268101	0	0	0	0	0	0	0	0
"T12_I0_AB0_REP6"	0.244143916413886	0.260532524435457	0.236434108527132	0.169194472531176	0.0185372430064038	0.00438153016514998	0.0136501516683519	0	0.0129760701044826	0.00387596899224806	0.00522413211998652	0.00168520390967307	0.00223289518031682	0.00463431075160094	0.019211324570273	0.00311762723289518	4.21300977418268e-05	0	0	0	0	0	0	0	0	0	0	0.00012639029322548	0
"T12_I0_AB0_REP7"	0.190098452883263	0.318424753867792	0.239099859353024	0.175414908579466	0.0222222222222222	0.00371308016877637	0.0069760900140647	0	0.00376933895921238	0.00759493670886076	0.010014064697609	0.00270042194092827	0.00180028129395218	0.0106891701828411	0.000168776371308017	0.00461322081575246	0.00230661040787623	0	0.000393811533052039	0	0	0	0	0	0	0	0	0	0
"T12_I0_AB0_REP8"	0.165095093495285	0.383650311650951	0.195301262585904	0.140722390922167	0.027968675083906	0.00823078152469234	0.00703212402109637	0.0426722071280166	0.00551382451654147	0.00399552501198657	0.00263704650791114	0.0045548985136647	0.00655266101965798	0.00191785200575356	7.99105002397315e-05	0.00391561451174684	0	0	0	0	0	0	0	0	0	0	0	0.000159821000479463	0
"T12_I0_AB128_REP1"	0.812824956672444	0.12998266897747	0	0	0.0291568967274952	0	0.00428178203690488	0.0148842899378122	0	0	0.00519930675909879	0	0	0	0.0023447854011622	0.00132531348761342	0	0	0	0	0	0	0	0	0	0	0	0	0
"T12_I0_AB128_REP2"	0.688981422165279	0.266175528507367	0	0	0.0118513773222293	0.0160153747597694	0.00192184497117233	0.00224215246636771	0	0	0.00608584240871236	0	0	0	0	0.00672645739910314	0	0	0	0	0	0	0	0	0	0	0	0	0
"T12_I0_AB128_REP3"	0.58651804670913	0.287420382165605	0	0	0.0530785562632696	0	0.0135350318471338	0.0437898089171974	0	0	0.0103503184713376	0	0	0	0.00477707006369427	0.000530785562632696	0	0	0	0	0	0	0	0	0	0	0	0	0
"T12_I0_AB128_REP4"	0.0720814531991207	0.270623626055768	0.220062478306144	0.265648501677658	0.0352886729144973	0.0121485595279417	0.00983454818928613	0	0.0111072544255467	0.00821474025222724	0.00393381927571445	0.00439662154344556	0.00208261020479	0.00231401133865556	0.00509082494504223	0.000347101700798334	0	0.0764780747425662	0	0.000347101700798334	0	0	0	0	0	0	0	0	0
"T12_I0_AB128_REP5"	0.26019801980198	0.453465346534653	0	0	0	0	0	0.192277227722772	0	0	0.0768316831683168	0	0	0	0.0172277227722772	0	0	0	0	0	0	0	0	0	0	0	0	0	0
"T12_I0_AB128_REP6"	0.21521268925739	0.520547945205479	0	0.0310021629416006	0.0198269646719539	0.00504686373467916	0.00108147080028839	0.117159336697909	0	0	0.0677721701514059	0	0.0136986301369863	0	0.00576784426820476	0.00288392213410238	0	0	0	0	0	0	0	0	0	0	0	0	0
"T12_I0_AB128_REP7"	0.190064192017862	0.226625732626291	0.0890315378174714	0.3767792352777	0.0480044655316774	0.005861010326542	0.0279095729835334	0	0.00474462740720067	0	0.002511861568518	0.0203739882779793	0.00307005302818867	0	0.000558191459670667	0.00446553167736534	0	0	0	0	0	0	0	0	0	0	0	0	0
"T12_I0_AB128_REP8"	0.0883664369679773	0.275233076611269	0.216051884880422	0.322456424807458	0.0419537900283745	0.00587758411025537	0.0168220510741792	0	0.00648561005269558	0	0.00141872719902716	0.0101337657073368	0.00952573976489664	0	0.000608025942440211	0.00506688285366842	0	0	0	0	0	0	0	0	0	0	0	0	0
"T12_I0_AB16_REP1"	0.276521739130435	0.222608695652174	0.114782608695652	0.36463768115942	0.00811594202898551	0.000579710144927536	0	0	0	0	0	0.00173913043478261	0.00289855072463768	0	0	0.00811594202898551	0	0	0	0	0	0	0	0	0	0	0	0	0
"T12_I0_AB16_REP2"	0.345864661654135	0.354887218045113	0.0729323308270677	0.195488721804511	0.00601503759398496	0	0.00827067669172932	0	0.00601503759398496	0	0	0.00300751879699248	0.0075187969924812	0	0	0	0	0	0	0	0	0	0	0	0	0	0	0	0
"T12_I0_AB16_REP3"	0.345942228335626	0.273039889958735	0.115543328748281	0.229711141678129	0.0220082530949106	0	0.000687757909215956	0	0.00687757909215956	0	0.000687757909215956	0	0.00550206327372765	0	0	0	0	0	0	0	0	0	0	0	0	0	0	0	0
"T12_I0_AB16_REP4"	0.145559210526316	0.387746710526316	0	0.336759868421053	0.00411184210526316	0	0.0193256578947368	0.00616776315789474	0	0	0.0452302631578947	0	0.0135690789473684	0	0.00411184210526316	0	0	0.0374177631578947	0	0	0	0	0	0	0	0	0	0	0
"T12_I0_AB16_REP5"	0.103448275862069	0.241695665928504	0.237266687757039	0.282189180639038	0.0313192027839291	0.0259411578614363	0.0256248022777602	0.00474533375514078	0	0.00885795634292945	0	0.00759253400822524	0.0281556469471686	0	0.00253084466940841	0.000632711167352104	0	0	0	0	0	0	0	0	0	0	0	0	0
"T12_I0_AB16_REP6"	0.0983323749281196	0.269120184013801	0.305347901092582	0.182863714778608	0.0540540540540541	0.00632547441058079	0.0224266820011501	0.00230017251293847	0.0109258194364577	0	0.00345025876940771	0.0373778033352501	0.00517538815411156	0	0	0.00230017251293847	0	0	0	0	0	0	0	0	0	0	0	0	0
"T12_I0_AB16_REP8"	0.172018348623853	0.716360856269113	0	0	0	0.00305810397553517	0	0.0718654434250764	0	0	0	0	0	0	0.036697247706422	0	0	0	0	0	0	0	0	0	0	0	0	0	0
"T12_I0_AB4_REP1"	0.167592592592593	0.209259259259259	0.333333333333333	0.226851851851852	0.0314814814814815	0	0.000925925925925926	0	0.000925925925925926	0.0212962962962963	0	0	0.00648148148148148	0.00185185185185185	0	0	0	0	0	0	0	0	0	0	0	0	0	0	0
"T12_I0_AB4_REP2"	0.21155830753354	0.30546955624355	0.165118679050568	0.229102167182663	0.00722394220846233	0	0.0154798761609907	0	0.00412796697626419	0.0154798761609907	0	0.00412796697626419	0.0237358101135191	0.00103199174406605	0	0.0175438596491228	0	0	0	0	0	0	0	0	0	0	0	0	0
"T12_I0_AB4_REP3"	0.211217183770883	0.29236276849642	0.175417661097852	0.215990453460621	0.0417661097852029	0.00596658711217184	0.00119331742243437	0	0.00119331742243437	0.022673031026253	0	0	0.0155131264916468	0.013126491646778	0	0.0035799522673031	0	0	0	0	0	0	0	0	0	0	0	0	0
"T12_I0_AB4_REP4"	0.0415404586758979	0.258762440501947	0.286023366508005	0.192124621376028	0.0938987451319775	0.00692340977931631	0.00951968844655993	0	0.0181739506707053	0.0190393768931199	0	0.0190393768931199	0.0289917784508871	0.0108178277801817	0	0.0151449588922544	0	0	0	0	0	0	0	0	0	0	0	0	0
"T12_I0_AB4_REP5"	0.0360884749708964	0.30209545983702	0.225844004656577	0.19848661233993	0.0814901047729918	0.0180442374854482	0.0180442374854482	0	0.0273573923166473	0.0186263096623981	0.000582072176949942	0.00640279394644936	0.0227008149010477	0.0145518044237485	0	0.029685681024447	0	0	0	0	0	0	0	0	0	0	0	0	0
"T12_I0_AB4_REP6"	0.0495810055865922	0.206005586592179	0.243715083798883	0.191340782122905	0.108938547486034	0.00488826815642458	0.00628491620111732	0	0.053072625698324	0.0425977653631285	0.000698324022346369	0.00558659217877095	0.00279329608938547	0.0432960893854749	0	0.00977653631284916	0	0.0314245810055866	0	0	0	0	0	0	0	0	0	0	0
"T12_I0_AB4_REP7"	0.0755667506297229	0.207052896725441	0.265491183879093	0.219647355163728	0.053904282115869	0.0035264483627204	0.0508816120906801	0.000503778337531486	0.0191435768261965	0.0272040302267003	0.00604534005037783	0.0136020151133501	0.0156171284634761	0.0216624685138539	0.00151133501259446	0.018639798488665	0	0	0	0	0	0	0	0	0	0	0	0	0
"T12_I0_AB4_REP8"	0.0491803278688525	0.174863387978142	0.296448087431694	0.211748633879781	0.0655737704918033	0.0307377049180328	0.0403005464480874	0	0.0286885245901639	0.0314207650273224	0.00273224043715847	0.014344262295082	0.00683060109289617	0.023224043715847	0	0.0239071038251366	0	0	0	0	0	0	0	0	0	0	0	0	0
"T12_I1_AB0_REP1"	0.101576182136602	0.2784588441331	0.31523642732049	0.250437828371278	0.00175131348511384	0.0157618213660245	0	0	0.00700525394045534	0.00525394045534151	0.00175131348511384	0	0.0227670753064799	0	0	0	0	0	0	0	0	0	0	0	0	0	0	0	0
"T12_I1_AB0_REP2"	0.150684931506849	0.317808219178082	0.235616438356164	0.254794520547945	0.00273972602739726	0	0	0	0.00547945205479452	0.00547945205479452	0	0	0.0219178082191781	0	0	0.00547945205479452	0	0	0	0	0	0	0	0	0	0	0	0	0
"T12_I1_AB0_REP3"	0.198275862068966	0.329741379310345	0.181034482758621	0.224137931034483	0.0280172413793103	0	0.00431034482758621	0	0.0021551724137931	0.0172413793103448	0	0	0.0129310344827586	0	0	0.0021551724137931	0	0	0	0	0	0	0	0	0	0	0	0	0
"T12_I1_AB0_REP4"	0.0441826215022091	0.212076583210604	0.220913107511046	0.149484536082474	0.203240058910162	0.00294550810014728	0.0125184094256259	0	0.024300441826215	0.0596465390279823	0.00147275405007364	0.00220913107511046	0.0147275405007364	0.0103092783505155	0.00147275405007364	0.0139911634756996	0	0.0250368188512518	0.00147275405007364	0	0	0	0	0	0	0	0	0	0
"T12_I1_AB0_REP5"	0.0564159292035398	0.212389380530973	0.231194690265487	0.154867256637168	0.0597345132743363	0.0232300884955752	0.00995575221238938	0	0.103982300884956	0.0575221238938053	0.00553097345132743	0.0154867256637168	0.0188053097345133	0.0110619469026549	0.00221238938053097	0.00442477876106195	0	0.0320796460176991	0	0	0	0.00110619469026549	0	0	0	0	0	0	0
"T12_I1_AB0_REP6"	0.0136736554238833	0.194165907019143	0.216955332725615	0.146763901549681	0.193254329990884	0.02461257976299	0.0100273473108478	0	0.04102096627165	0.0628988149498633	0.00182315405651778	0.00182315405651778	0.0455788514129444	0.0145852324521422	0	0.0109389243391067	0	0.0209662716499544	0.000911577028258888	0	0	0	0	0	0	0	0	0	0
"T12_I1_AB0_REP7"	0.0541195476575121	0.195476575121163	0.22859450726979	0.194668820678514	0.139741518578352	0.00807754442649435	0.00646203554119548	0	0.04281098546042	0.0468497576736672	0.00161550888529887	0.0153473344103393	0.0121163166397415	0.018578352180937	0.000807754442649435	0.00323101777059774	0	0.0226171243941842	0.00888529886914378	0	0	0	0	0	0	0	0	0	0
"T12_I1_AB0_REP8"	0.0542570951585977	0.216193656093489	0.37228714524207	0.138564273789649	0.0818030050083473	0.0125208681135225	0.00333889816360601	0	0.0333889816360601	0.0242070116861436	0.00834724540901502	0.0108514190317195	0.0217028380634391	0.00667779632721202	0.000834724540901503	0.00333889816360601	0	0.0108514190317195	0.000834724540901503	0	0	0	0	0	0	0	0	0	0
"T12_I1_AB128_REP1"	0.391869918699187	0.255284552845528	0.0861788617886179	0.204878048780488	0.0146341463414634	0	0.00813008130081301	0	0.0032520325203252	0.0211382113821138	0.0032520325203252	0	0.0048780487804878	0.0016260162601626	0	0	0	0.0048780487804878	0	0	0	0	0	0	0	0	0	0	0
"T12_I1_AB128_REP2"	0.424040066777963	0.27212020033389	0.108514190317195	0.153589315525876	0.00834724540901502	0.00834724540901502	0.00166944908180301	0	0.00333889816360601	0.00166944908180301	0	0	0.00500834724540901	0.011686143572621	0	0	0	0.00166944908180301	0	0	0	0	0	0	0	0	0	0	0
"T12_I1_AB128_REP3"	0.376850605652759	0.274562584118439	0.134589502018843	0.169582772543742	0.0107671601615074	0	0.00403768506056528	0	0.00134589502018843	0.0148048452220727	0.00134589502018843	0.00269179004037685	0.00807537012113055	0.00134589502018843	0	0	0	0	0	0	0	0	0	0	0	0	0	0	0
"T12_I1_AB128_REP4"	0.0714285714285714	0.231727574750831	0.366279069767442	0.0789036544850498	0.0705980066445183	0.0199335548172757	0.0257475083056478	0	0.0440199335548173	0.00747508305647841	0.00166112956810631	0.0174418604651163	0.0249169435215947	0.00498338870431894	0.000830564784053156	0.0174418604651163	0	0.01578073089701	0	0.000830564784053156	0	0	0	0	0	0	0	0	0
"T12_I1_AB128_REP5"	0.0804416403785489	0.184542586750789	0.269716088328076	0.241324921135647	0.055205047318612	0.026813880126183	0.0473186119873817	0	0	0.0299684542586751	0.00315457413249211	0.00315457413249211	0.0110410094637224	0.0410094637223975	0	0.00473186119873817	0	0.00157728706624606	0	0	0	0	0	0	0	0	0	0	0
"T12_I1_AB128_REP7"	0.072929542645241	0.207663782447466	0.339925834363412	0.127317676143387	0.0630407911001236	0.0296662546353523	0.0210135970333745	0	0.0333745364647713	0.00988875154511743	0.00494437577255871	0.00370828182941904	0.00988875154511743	0.0173053152039555	0.00123609394313968	0.0210135970333745	0	0.0370828182941904	0	0	0	0	0	0	0	0	0	0	0
"T12_I1_AB128_REP8"	0.120833333333333	0.165277777777778	0.204166666666667	0.194444444444444	0.0777777777777778	0.0472222222222222	0.0194444444444444	0	0.0194444444444444	0.0333333333333333	0.00555555555555556	0.00277777777777778	0.0486111111111111	0.0347222222222222	0	0.00555555555555556	0	0.0194444444444444	0	0.00138888888888889	0	0	0	0	0	0	0	0	0
"T12_I1_AB16_REP1"	0.333333333333333	0.21264367816092	0.158045977011494	0.235632183908046	0.0114942528735632	0	0.00574712643678161	0	0.00574712643678161	0.00862068965517241	0.0028735632183908	0	0.00862068965517241	0.0172413793103448	0	0	0	0	0	0	0	0	0	0	0	0	0	0	0
"T12_I1_AB16_REP2"	0.328421052631579	0.315789473684211	0.138947368421053	0.124210526315789	0.04	0	0	0	0.0189473684210526	0.0147368421052632	0	0	0.00421052631578947	0.00421052631578947	0.00210526315789474	0	0	0.00842105263157895	0	0	0	0	0	0	0	0	0	0	0
"T12_I1_AB16_REP3"	0.286902286902287	0.334719334719335	0.151767151767152	0.14968814968815	0.0166320166320166	0.00207900207900208	0.00623700623700624	0	0.0103950103950104	0.0103950103950104	0.00207900207900208	0	0.0187110187110187	0.00831600831600832	0	0	0	0.00207900207900208	0	0	0	0	0	0	0	0	0	0	0
"T12_I1_AB16_REP4"	0.296680497925311	0.632780082987552	0	0	0	0	0	0.0145228215767635	0	0	0.00622406639004149	0	0	0	0.0497925311203319	0	0	0	0	0	0	0	0	0	0	0	0	0	0
"T12_I1_AB16_REP5"	0.140534262485482	0.166085946573751	0.220673635307782	0.210220673635308	0.0662020905923345	0.032520325203252	0.0290360046457607	0	0.016260162601626	0.024390243902439	0.00696864111498258	0.0232288037166086	0.0104529616724739	0.0174216027874564	0.00348432055749129	0.0139372822299652	0	0.0185830429732869	0	0	0	0	0	0	0	0	0	0	0
"T12_I1_AB16_REP6"	0.0398860398860399	0.121557454890788	0.32383665716999	0.230769230769231	0.10636277302944	0.0161443494776828	0.0218423551756885	0.0056980056980057	0.0199430199430199	0.0199430199430199	0.000949667616334283	0.0113960113960114	0.01329534662868	0.0199430199430199	0.00284900284900285	0.0113960113960114	0	0.0322886989553656	0	0.00189933523266857	0	0	0	0	0	0	0	0	0
"T12_I1_AB16_REP7"	0.256363636363636	0.430909090909091	0	0.0145454545454545	0.0109090909090909	0	0.0290909090909091	0.167272727272727	0	0	0.0654545454545455	0	0	0	0.0181818181818182	0	0	0.00727272727272727	0	0	0	0	0	0	0	0	0	0	0
"T12_I1_AB16_REP8"	0.104357798165138	0.36697247706422	0	0.288990825688073	0.00688073394495413	0	0.0309633027522936	0.00114678899082569	0	0.00917431192660551	0.123853211009174	0	0	0	0.00573394495412844	0.036697247706422	0	0.0252293577981651	0	0	0	0	0	0	0	0	0	0	0
"T12_I1_AB4_REP1"	0.131768953068592	0.267148014440433	0.24187725631769	0.292418772563177	0.0162454873646209	0	0.0036101083032491	0	0	0.0072202166064982	0	0.00541516245487365	0.0252707581227437	0.0072202166064982	0	0	0.00180505415162455	0	0	0	0	0	0	0	0	0	0	0	0
"T12_I1_AB4_REP2"	0.144927536231884	0.330917874396135	0.277777777777778	0.159420289855072	0.0120772946859903	0	0	0	0.00966183574879227	0.0314009661835749	0	0	0.0217391304347826	0.00483091787439614	0	0.0072463768115942	0	0	0	0	0	0	0	0	0	0	0	0	0
"T12_I1_AB4_REP3"	0.213888888888889	0.294444444444444	0.180555555555556	0.266666666666667	0.00277777777777778	0.00277777777777778	0	0	0.00277777777777778	0.00833333333333333	0.00277777777777778	0.00555555555555556	0.00555555555555556	0.00833333333333333	0	0	0	0.00277777777777778	0.00277777777777778	0	0	0	0	0	0	0	0	0	0
"T12_I1_AB4_REP4"	0.0974842767295598	0.139937106918239	0.283018867924528	0.19811320754717	0.080188679245283	0.00628930817610063	0.0141509433962264	0	0.0455974842767296	0.0345911949685535	0.00314465408805031	0.0110062893081761	0.00157232704402516	0.0550314465408805	0	0.0188679245283019	0	0.0110062893081761	0	0	0	0	0	0	0	0	0	0	0
"T12_I1_AB4_REP5"	0.0479616306954436	0.191846522781775	0.296163069544364	0.235011990407674	0.0851318944844125	0	0.0191846522781775	0	0.0119904076738609	0.0323741007194245	0	0.00839328537170264	0.00839328537170264	0.0383693045563549	0.00119904076738609	0	0	0.0239808153477218	0	0	0	0	0	0	0	0	0	0	0
"T12_I1_AB4_REP6"	0.0901502504173623	0.115191986644407	0.277128547579299	0.183639398998331	0.0884808013355593	0.00333889816360601	0.0283806343906511	0	0.0417362270450751	0.0684474123539232	0.00500834724540901	0.01669449081803	0.0200333889816361	0.0317195325542571	0	0.00500834724540901	0	0.0250417362270451	0	0	0	0	0	0	0	0	0	0	0
"T12_I1_AB4_REP7"	0.0735930735930736	0.201298701298701	0.346320346320346	0.149350649350649	0.0822510822510823	0.00216450216450216	0.00865800865800866	0	0.0281385281385281	0.012987012987013	0.00649350649350649	0.0151515151515152	0.0194805194805195	0.025974025974026	0.0108225108225108	0.012987012987013	0	0.00432900432900433	0	0	0	0	0	0	0	0	0	0	0
"T12_I1_AB4_REP8"	0.0511363636363636	0.248106060606061	0.284090909090909	0.191287878787879	0.0625	0.00757575757575758	0.0265151515151515	0	0.0340909090909091	0.0113636363636364	0.00568181818181818	0.00189393939393939	0.0340909090909091	0.0189393939393939	0	0	0	0.0227272727272727	0	0	0	0	0	0	0	0	0	0	0
"T4_I0_AB0_REP1"	0.176229508196721	0.225409836065574	0.213114754098361	0.225409836065574	0.0204918032786885	0	0	0	0.00409836065573771	0.00409836065573771	0	0.0614754098360656	0.0655737704918033	0	0	0.00409836065573771	0	0	0	0	0	0	0	0	0	0	0	0	0
"T4_I0_AB0_REP2"	0.222748815165877	0.270142180094787	0.255924170616114	0.165876777251185	0.00947867298578199	0	0.014218009478673	0	0	0.004739336492891	0	0.018957345971564	0.037914691943128	0	0	0	0	0	0	0	0	0	0	0	0	0	0	0	0
"T4_I0_AB0_REP3"	0.30859375	0.13671875	0.23046875	0.20703125	0.02734375	0	0.0078125	0	0	0.0078125	0	0.01171875	0.05078125	0	0	0.01171875	0	0	0	0	0	0	0	0	0	0	0	0	0
"T4_I0_AB0_REP4"	0.0623471882640587	0.15158924205379	0.211491442542787	0.156479217603912	0.0684596577017115	0.0097799511002445	0.0647921760391198	0.00488997555012225	0.0366748166259169	0.0171149144254279	0.00611246943765281	0.0207823960880196	0.143031784841076	0.00855745721271394	0.00366748166259169	0.0244498777506112	0	0	0	0	0.00855745721271394	0	0.00122249388753056	0	0	0	0	0	0
"T4_I0_AB0_REP5"	0.0749128919860627	0.250871080139373	0.123693379790941	0.205574912891986	0.0348432055749129	0	0.0278745644599303	0.00348432055749129	0.0226480836236934	0.00871080139372822	0.00871080139372822	0.0574912891986063	0.0505226480836237	0.00522648083623693	0	0.00174216027874564	0.102787456445993	0	0.0209059233449477	0	0	0	0	0	0	0	0	0	0
"T4_I0_AB0_REP6"	0.0844062947067239	0.228898426323319	0.157367668097282	0.208869814020029	0.0629470672389127	0.00429184549356223	0.0386266094420601	0	0.0371959942775393	0.0185979971387697	0.0100143061516452	0.0543633762517883	0.0329041487839771	0.00858369098712446	0.00429184549356223	0.00715307582260372	0.0243204577968526	0	0.0128755364806867	0.00286123032904149	0.00143061516452074	0	0	0	0	0	0	0	0
"T4_I0_AB0_REP7"	0.0693069306930693	0.243281471004243	0.168316831683168	0.210749646393211	0.0721357850070721	0.0155586987270156	0.057991513437058	0	0.0141442715700141	0.0297029702970297	0	0.0282885431400283	0.0212164073550212	0.00707213578500707	0.00424328147100424	0.00707213578500707	0.0325318246110325	0	0.0155586987270156	0.00141442715700141	0	0	0	0	0	0	0	0.00141442715700141	0
"T4_I0_AB0_REP8"	0.0813308687615527	0.299445471349353	0.181146025878004	0.171903881700555	0.0646950092421442	0.0055452865064695	0.0314232902033272	0.00924214417744917	0.033271719038817	0.0166358595194085	0.0129390018484288	0.0369685767097967	0.0277264325323475	0.0184842883548983	0.00369685767097967	0.00184842883548983	0	0	0	0	0.00369685767097967	0	0	0	0	0	0	0	0
"T4_I0_AB128_REP1"	0.248175182481752	0.423357664233577	0.175182481751825	0.0656934306569343	0.0109489051094891	0.0072992700729927	0.00364963503649635	0	0	0.0145985401459854	0	0	0.0401459854014599	0	0.00364963503649635	0.0072992700729927	0	0	0	0	0	0	0	0	0	0	0	0	0
"T4_I0_AB128_REP2"	0.25065963060686	0.29287598944591	0.213720316622691	0.137203166226913	0.029023746701847	0	0.00263852242744063	0	0.00263852242744063	0.0131926121372032	0	0.0105540897097625	0.0211081794195251	0	0	0.0105540897097625	0.0079155672823219	0	0.00527704485488127	0	0.00263852242744063	0	0	0	0	0	0	0	0
"T4_I0_AB128_REP3"	0.219607843137255	0.329411764705882	0.16078431372549	0.176470588235294	0.0235294117647059	0	0.00392156862745098	0	0.0117647058823529	0.0196078431372549	0.00392156862745098	0.0117647058823529	0.0313725490196078	0.00392156862745098	0	0	0	0	0.00392156862745098	0	0	0	0	0	0	0	0	0	0
"T4_I0_AB128_REP4"	0.086734693877551	0.236394557823129	0.158163265306122	0.187074829931973	0.0935374149659864	0.0102040816326531	0.0102040816326531	0	0.0306122448979592	0.0255102040816327	0	0.0646258503401361	0.0408163265306122	0.0187074829931973	0.00170068027210884	0.0238095238095238	0	0	0	0.00680272108843537	0.00340136054421769	0	0.00170068027210884	0	0	0	0	0	0
"T4_I0_AB128_REP5"	0.0796296296296296	0.175925925925926	0.231481481481481	0.214814814814815	0.0666666666666667	0.0203703703703704	0.0277777777777778	0	0.0240740740740741	0.0259259259259259	0.0111111111111111	0.0296296296296296	0.0481481481481481	0.0203703703703704	0	0.0203703703703704	0	0	0	0	0	0	0.0037037037037037	0	0	0	0	0	0
"T4_I0_AB128_REP6"	0.108614232209738	0.209737827715356	0.202247191011236	0.162921348314607	0.0711610486891386	0.00374531835205993	0.0374531835205993	0	0.048689138576779	0.0299625468164794	0.00374531835205993	0.0374531835205993	0.0468164794007491	0.0149812734082397	0.00561797752808989	0.0112359550561798	0	0	0	0.00187265917602996	0.00374531835205993	0	0	0	0	0	0	0	0
"T4_I0_AB128_REP7"	0.298076923076923	0.574519230769231	0	0	0	0	0	0.0192307692307692	0	0	0.00961538461538462	0	0	0	0.0456730769230769	0.0528846153846154	0	0	0	0	0	0	0	0	0	0	0	0	0
"T4_I0_AB128_REP8"	0.0919765166340509	0.252446183953033	0.156555772994129	0.172211350293542	0.101761252446184	0.00391389432485323	0.0156555772994129	0	0.0410958904109589	0.0293542074363992	0.00195694716242661	0.0273972602739726	0.076320939334638	0.0136986301369863	0	0.00782778864970646	0	0	0.00195694716242661	0	0.00391389432485323	0	0.00195694716242661	0	0	0	0	0	0
"T4_I0_AB16_REP1"	0.252747252747253	0.32967032967033	0.197802197802198	0.148351648351648	0.00549450549450549	0	0	0	0.00549450549450549	0.010989010989011	0	0.00549450549450549	0.0384615384615385	0	0	0	0	0	0.00549450549450549	0	0	0	0	0	0	0	0	0	0
"T4_I0_AB16_REP2"	0.2	0.375	0.215625	0.140625	0.028125	0.00625	0.003125	0	0.003125	0.009375	0	0.00625	0.0125	0	0	0	0	0	0	0	0	0	0	0	0	0	0	0	0
"T4_I0_AB16_REP3"	0.273356401384083	0.346020761245675	0.183391003460208	0.124567474048443	0.027681660899654	0	0.00346020761245675	0	0.00346020761245675	0.0103806228373702	0	0	0.0173010380622837	0	0	0.00346020761245675	0.00346020761245675	0	0.00346020761245675	0	0	0	0	0	0	0	0	0	0
"T4_I0_AB16_REP4"	0.093984962406015	0.25	0.137218045112782	0.107142857142857	0.0921052631578947	0.0300751879699248	0.0357142857142857	0	0.0300751879699248	0.0357142857142857	0.0131578947368421	0.0432330827067669	0.0657894736842105	0.0169172932330827	0	0.0112781954887218	0.0263157894736842	0	0.0075187969924812	0.0018796992481203	0.0018796992481203	0	0	0	0	0	0	0	0
"T4_I0_AB16_REP5"	0.102316602316602	0.218146718146718	0.208494208494208	0.0714285714285714	0.104247104247104	0.0173745173745174	0.0386100386100386	0.00772200772200772	0.0366795366795367	0.0366795366795367	0.00772200772200772	0.0598455598455598	0.0579150579150579	0.00965250965250965	0	0.00579150579150579	0	0	0	0.00579150579150579	0	0	0	0	0.00772200772200772	0	0	0.00386100386100386	0
"T4_I0_AB16_REP6"	0.122015915119363	0.26525198938992	0.230769230769231	0.0557029177718833	0.0610079575596817	0.0318302387267905	0.0106100795755968	0.0344827586206897	0	0.013262599469496	0	0.0318302387267905	0.0981432360742706	0	0	0.026525198938992	0.0026525198938992	0	0.013262599469496	0.0026525198938992	0	0	0	0	0	0	0	0	0
"T4_I0_AB16_REP7"	0.0634441087613293	0.256797583081571	0.205438066465257	0.151057401812689	0.0845921450151057	0	0.027190332326284	0	0.0362537764350453	0.0453172205438066	0.00302114803625378	0.0422960725075529	0.054380664652568	0.00604229607250755	0	0.00906344410876133	0	0	0	0.00604229607250755	0.00604229607250755	0	0.00302114803625378	0	0	0	0	0	0
"T4_I0_AB16_REP8"	0.0802005012531328	0.263157894736842	0.24812030075188	0.135338345864662	0.0802005012531328	0.0100250626566416	0.0275689223057644	0	0.0150375939849624	0.0150375939849624	0.0175438596491228	0.0451127819548872	0.037593984962406	0.012531328320802	0	0.0075187969924812	0	0	0	0	0.0025062656641604	0	0.0025062656641604	0	0	0	0	0	0
"T4_I0_AB4_REP1"	0.284313725490196	0.28921568627451	0.142156862745098	0.200980392156863	0.00490196078431373	0	0	0	0	0.00490196078431373	0.00490196078431373	0.00980392156862745	0.0392156862745098	0.00490196078431373	0	0.00490196078431373	0	0	0.00980392156862745	0	0	0	0	0	0	0	0	0	0
"T4_I0_AB4_REP2"	0.186721991701245	0.381742738589212	0.215767634854772	0.0622406639004149	0.029045643153527	0	0.00829875518672199	0	0.004149377593361	0.012448132780083	0	0	0.0746887966804979	0	0	0	0.020746887966805	0	0.004149377593361	0	0	0	0	0	0	0	0	0	0
"T4_I0_AB4_REP3"	0.270588235294118	0.2	0.194117647058824	0.2	0.0176470588235294	0	0	0	0	0.0294117647058824	0.00588235294117647	0.00588235294117647	0.0647058823529412	0	0	0.00588235294117647	0	0	0.00588235294117647	0	0	0	0	0	0	0	0	0	0
"T4_I0_AB4_REP4"	0.118299445471349	0.182994454713494	0.147874306839187	0.0868761552680222	0.11645101663586	0.0203327171903882	0.033271719038817	0.00184842883548983	0.0702402957486137	0.0499075785582255	0	0.0591497227356747	0.0184842883548983	0.00739371534195933	0.00184842883548983	0.0129390018484288	0.055452865064695	0	0.0147874306839187	0.00184842883548983	0	0	0	0	0	0	0	0	0
"T4_I0_AB4_REP5"	0.0610021786492375	0.257080610021787	0.172113289760349	0.176470588235294	0.0871459694989107	0.0108932461873638	0.0261437908496732	0	0.0217864923747277	0.0348583877995643	0.00435729847494553	0.0348583877995643	0.0196078431372549	0.037037037037037	0	0.0065359477124183	0.0239651416122004	0	0.0239651416122004	0.00217864923747277	0	0	0	0	0	0	0	0	0
"T4_I0_AB4_REP6"	0.0810810810810811	0.181818181818182	0.250614250614251	0.0761670761670762	0.115479115479115	0.0196560196560197	0.0540540540540541	0	0.0171990171990172	0.0221130221130221	0.00245700245700246	0.0663390663390663	0.0196560196560197	0.00737100737100737	0.00737100737100737	0.0368550368550369	0.0319410319410319	0	0.00737100737100737	0	0	0	0	0	0	0	0	0.00245700245700246	0
"T4_I0_AB4_REP7"	0.0698198198198198	0.222972972972973	0.119369369369369	0.263513513513513	0.0968468468468468	0.0045045045045045	0.045045045045045	0.00675675675675676	0.0292792792792793	0.0292792792792793	0	0.0337837837837838	0.00675675675675676	0.0157657657657658	0	0.0157657657657658	0.0315315315315315	0	0.00675675675675676	0	0.00225225225225225	0	0	0	0	0	0	0	0
"T4_I0_AB4_REP8"	0.118609406952965	0.106339468302658	0.214723926380368	0.159509202453988	0.114519427402863	0.0143149284253579	0.016359918200409	0.0102249488752556	0.0429447852760736	0.0204498977505112	0.0081799591002045	0.0368098159509202	0.0899795501022495	0.0204498977505112	0.00408997955010225	0.0122699386503067	0.00613496932515337	0	0	0.00408997955010225	0	0	0	0	0	0	0	0	0
"T4_I1_AB0_REP1"	0.42	0.24	0.253333333333333	0.0266666666666667	0.0133333333333333	0	0	0	0	0.0266666666666667	0	0	0.0133333333333333	0	0	0	0	0	0.00666666666666667	0	0	0	0	0	0	0	0	0	0
"T4_I1_AB0_REP2"	0.357798165137615	0.155963302752294	0.238532110091743	0.137614678899083	0	0	0	0	0.018348623853211	0.055045871559633	0	0	0.0275229357798165	0	0	0	0	0.00917431192660551	0	0	0	0	0	0	0	0	0	0	0
"T4_I1_AB0_REP3"	0.314720812182741	0.218274111675127	0.126903553299492	0.269035532994924	0.0152284263959391	0	0	0	0.0050761421319797	0.0203045685279188	0	0	0.0203045685279188	0	0	0	0	0	0.0101522842639594	0	0	0	0	0	0	0	0	0	0
"T4_I1_AB0_REP4"	0.0734597156398104	0.206161137440758	0.0805687203791469	0.165876777251185	0.0758293838862559	0.014218009478673	0.023696682464455	0	0.0805687203791469	0.0450236966824645	0.004739336492891	0.014218009478673	0.0805687203791469	0.018957345971564	0	0.0165876777251185	0.0450236966824645	0.033175355450237	0.018957345971564	0	0.0023696682464455	0	0	0	0	0	0	0	0
"T4_I1_AB0_REP5"	0.140873015873016	0.152777777777778	0.166666666666667	0.146825396825397	0.101190476190476	0.0178571428571429	0.0198412698412698	0	0.0714285714285714	0.0555555555555556	0.00992063492063492	0.0277777777777778	0.0178571428571429	0.00793650793650794	0.00793650793650794	0.0218253968253968	0	0.0297619047619048	0	0	0.00198412698412698	0	0.00198412698412698	0	0	0	0	0	0
"T4_I1_AB0_REP6"	0.11943793911007	0.142857142857143	0.187353629976581	0.185011709601874	0.0679156908665105	0.00936768149882904	0.0585480093676815	0	0.0585480093676815	0.0234192037470726	0.00468384074941452	0.0234192037470726	0.0257611241217799	0.00702576112412178	0.0117096018735363	0.0187353629976581	0.00234192037470726	0.0491803278688525	0.00468384074941452	0	0	0	0	0	0	0	0	0	0
"T4_I1_AB0_REP7"	0.0938086303939962	0.170731707317073	0.146341463414634	0.302063789868668	0.0581613508442777	0.0225140712945591	0.0225140712945591	0	0.0225140712945591	0.0525328330206379	0.0112570356472795	0.0225140712945591	0.0075046904315197	0.0075046904315197	0.00562851782363977	0.0075046904315197	0.0150093808630394	0.0075046904315197	0.0225140712945591	0	0	0	0	0	0.00187617260787992	0	0	0	0
"T4_I1_AB0_REP8"	0.167770419426049	0.125827814569536	0.207505518763797	0.203090507726269	0.0794701986754967	0.00883002207505519	0.0198675496688742	0	0.0375275938189845	0.0397350993377483	0.00441501103752759	0.0198675496688742	0.0154525386313466	0.0154525386313466	0	0.022075055187638	0	0.0309050772626932	0.0022075055187638	0	0	0	0	0	0	0	0	0	0
"T4_I1_AB128_REP1"	0.272340425531915	0.306382978723404	0.195744680851064	0.195744680851064	0.0212765957446809	0	0	0	0	0.00851063829787234	0	0	0	0	0	0	0	0	0	0	0	0	0	0	0	0	0	0	0
"T4_I1_AB128_REP2"	0.148936170212766	0.375886524822695	0.141843971631206	0.24822695035461	0.0141843971631206	0	0.00709219858156028	0	0	0.0141843971631206	0	0	0.0283687943262411	0	0	0	0	0	0.0212765957446809	0	0	0	0	0	0	0	0	0	0
"T4_I1_AB128_REP3"	0.140096618357488	0.371980676328502	0.188405797101449	0.193236714975845	0.0241545893719807	0	0.0144927536231884	0	0.00483091787439614	0.0386473429951691	0	0	0.00966183574879227	0	0	0	0	0.0144927536231884	0	0	0	0	0	0	0	0	0	0	0
"T4_I1_AB128_REP4"	0.0947712418300654	0.277777777777778	0.133986928104575	0.137254901960784	0.0686274509803922	0.00326797385620915	0.00980392156862745	0	0.0326797385620915	0.0522875816993464	0.0065359477124183	0.0457516339869281	0.0718954248366013	0	0	0.0359477124183007	0	0.0261437908496732	0	0	0	0.00326797385620915	0	0	0	0	0	0	0
"T4_I1_AB128_REP5"	0.103151862464183	0.237822349570201	0.117478510028653	0.120343839541547	0.0802292263610315	0.0143266475644699	0.00573065902578797	0	0.0229226361031519	0.0544412607449857	0.0114613180515759	0.0372492836676218	0.0744985673352436	0.00573065902578797	0	0.0429799426934097	0.0343839541547278	0.0200573065902579	0.0171919770773639	0	0	0	0	0	0	0	0	0	0
"T4_I1_AB128_REP6"	0.183098591549296	0.242253521126761	0.0957746478873239	0.0112676056338028	0.0450704225352113	0.0253521126760563	0.00845070422535211	0	0.028169014084507	0.152112676056338	0	0.0197183098591549	0.0845070422535211	0.00563380281690141	0	0.0253521126760563	0.0169014084507042	0.0253521126760563	0.0112676056338028	0.0028169014084507	0	0.0028169014084507	0	0	0.0140845070422535	0	0	0	0
"T4_I1_AB128_REP7"	0.088145896656535	0.206686930091185	0.158054711246201	0.155015197568389	0.103343465045593	0.00303951367781155	0.00911854103343465	0	0.0486322188449848	0.0699088145896656	0.0212765957446809	0.0212765957446809	0.0212765957446809	0.0121580547112462	0	0.027355623100304	0.0212765957446809	0.0182370820668693	0.0121580547112462	0	0.00303951367781155	0	0	0	0	0	0	0	0
"T4_I1_AB128_REP8"	0.138957816377171	0.183622828784119	0.19106699751861	0.178660049627792	0.0967741935483871	0.00744416873449132	0.0148883374689826	0	0.0124069478908189	0.0297766749379653	0.00744416873449132	0.0347394540942928	0.0347394540942928	0.0148883374689826	0.00496277915632754	0.0272952853598015	0	0.0223325062034739	0	0	0	0	0	0	0	0	0	0	0
"T4_I1_AB16_REP1"	0.272321428571429	0.339285714285714	0.133928571428571	0.191964285714286	0	0	0.00446428571428571	0	0.00892857142857143	0.00892857142857143	0	0.0178571428571429	0.00446428571428571	0.00892857142857143	0	0.00892857142857143	0	0	0	0	0	0	0	0	0	0	0	0	0
"T4_I1_AB16_REP2"	0.185792349726776	0.387978142076503	0.158469945355191	0.153005464480874	0.0273224043715847	0	0.0163934426229508	0	0.0109289617486339	0.0163934426229508	0	0.00546448087431694	0.0327868852459016	0	0	0	0	0.00546448087431694	0	0	0	0	0	0	0	0	0	0	0
"T4_I1_AB16_REP3"	0.28023598820059	0.386430678466077	0.0914454277286136	0.150442477876106	0.0206489675516224	0	0	0	0	0.0117994100294985	0	0.00589970501474926	0.0442477876106195	0.00294985250737463	0	0.00589970501474926	0	0	0	0	0	0	0	0	0	0	0	0	0
"T4_I1_AB16_REP4"	0.105527638190955	0.178391959798995	0.158291457286432	0.153266331658291	0.0879396984924623	0.00753768844221105	0.0301507537688442	0	0.0728643216080402	0.0251256281407035	0.0100502512562814	0.0326633165829146	0.042713567839196	0.0251256281407035	0.00753768844221105	0.0326633165829146	0	0.0276381909547739	0	0	0	0	0	0	0	0	0	0.00251256281407035	0
"T4_I1_AB16_REP5"	0.132352941176471	0.137254901960784	0.159313725490196	0.00735294117647059	0.115196078431373	0.00490196078431373	0.0416666666666667	0.0490196078431373	0.0441176470588235	0.125	0.00245098039215686	0.0931372549019608	0.0343137254901961	0.017156862745098	0	0.0318627450980392	0	0.00245098039215686	0.00245098039215686	0	0	0	0	0	0	0	0	0	0
"T4_I1_AB16_REP6"	0.0884718498659517	0.257372654155496	0.13941018766756	0.152815013404826	0.0831099195710456	0.0214477211796247	0.0214477211796247	0	0.0455764075067024	0.0187667560321716	0.0294906166219839	0.0160857908847185	0.064343163538874	0.00804289544235925	0.00536193029490617	0.00804289544235925	0	0.0402144772117962	0	0	0	0	0	0	0	0	0	0	0
"T4_I1_AB16_REP7"	0.125	0.182692307692308	0.153846153846154	0.206730769230769	0.0769230769230769	0.00961538461538462	0.0456730769230769	0	0.0144230769230769	0.0432692307692308	0.00240384615384615	0.0360576923076923	0.0336538461538462	0.03125	0.00240384615384615	0.00721153846153846	0	0.0264423076923077	0.00240384615384615	0	0	0	0	0	0	0	0	0	0
"T4_I1_AB16_REP8"	0.166666666666667	0.133928571428571	0.258928571428571	0.00892857142857143	0.068452380952381	0.0386904761904762	0.0148809523809524	0.0238095238095238	0.0238095238095238	0.0416666666666667	0.0119047619047619	0.056547619047619	0.056547619047619	0.0119047619047619	0.00595238095238095	0.0119047619047619	0.0327380952380952	0	0.0267857142857143	0	0	0.00297619047619048	0	0	0.00297619047619048	0	0	0	0
"T4_I1_AB4_REP1"	0.240174672489083	0.331877729257642	0.205240174672489	0.157205240174672	0.00873362445414847	0	0.00436681222707424	0	0	0.00436681222707424	0	0.0131004366812227	0.0262008733624454	0	0	0	0	0.00436681222707424	0.00436681222707424	0	0	0	0	0	0	0	0	0	0
"T4_I1_AB4_REP2"	0.289940828402367	0.27810650887574	0.14792899408284	0.171597633136095	0.0118343195266272	0	0.00591715976331361	0	0	0.0532544378698225	0	0.00591715976331361	0.0118343195266272	0	0.00591715976331361	0.00591715976331361	0	0.0118343195266272	0	0	0	0	0	0	0	0	0	0	0
"T4_I1_AB4_REP3"	0.258741258741259	0.34965034965035	0.181818181818182	0.167832167832168	0.00699300699300699	0	0	0	0.00699300699300699	0.00699300699300699	0	0	0.013986013986014	0	0	0	0	0	0.00699300699300699	0	0	0	0	0	0	0	0	0	0
"T4_I1_AB4_REP4"	0.128571428571429	0.121428571428571	0.2	0.121428571428571	0.0821428571428571	0.00357142857142857	0.025	0	0.0535714285714286	0.0607142857142857	0.00714285714285714	0.0428571428571429	0.0321428571428571	0.0214285714285714	0	0.0428571428571429	0.0178571428571429	0.0357142857142857	0.00357142857142857	0	0	0	0	0	0	0	0	0	0
"T4_I1_AB4_REP5"	0.141993957703928	0.214501510574018	0.157099697885196	0.141993957703928	0.0936555891238671	0	0.0211480362537764	0	0.0453172205438066	0.0422960725075529	0.0151057401812689	0.027190332326284	0.0241691842900302	0.00302114803625378	0	0	0.0392749244712991	0.0151057401812689	0.0151057401812689	0.00302114803625378	0	0	0	0	0	0	0	0	0
"T4_I1_AB4_REP6"	0.193083573487032	0.23342939481268	0.135446685878963	0.167146974063401	0.069164265129683	0.00576368876080692	0.0288184438040346	0	0.0259365994236311	0.0288184438040346	0.0115273775216138	0.0172910662824208	0.0259365994236311	0.00576368876080692	0.00288184438040346	0.0201729106628242	0	0.0288184438040346	0	0	0	0	0	0	0	0	0	0	0
"T4_I1_AB4_REP7"	0.167808219178082	0.219178082191781	0.164383561643836	0.181506849315068	0.0308219178082192	0.0102739726027397	0.0102739726027397	0	0.0445205479452055	0.0410958904109589	0.00684931506849315	0.0102739726027397	0.0171232876712329	0.0102739726027397	0	0.0547945205479452	0.0102739726027397	0.0205479452054795	0	0	0	0	0	0	0	0	0	0	0
"T4_I1_AB4_REP8"	0.2	0.230508474576271	0.128813559322034	0.149152542372881	0.0949152542372881	0.00677966101694915	0.0203389830508475	0	0.0338983050847458	0.0135593220338983	0.0101694915254237	0.0271186440677966	0.0169491525423729	0.0169491525423729	0.00677966101694915	0.00338983050847458	0	0.0406779661016949	0	0	0	0	0	0	0	0	0	0	0
"T8_I0_AB0_REP1"	0.0685714285714286	0.411428571428571	0.171428571428571	0.2	0.0228571428571429	0	0	0	0	0.00571428571428571	0	0	0.114285714285714	0	0	0.00571428571428571	0	0	0	0	0	0	0	0	0	0	0	0	0
"T8_I0_AB0_REP2"	0.0746268656716418	0.373134328358209	0.201492537313433	0.201492537313433	0.0522388059701493	0	0	0	0.0149253731343284	0.00746268656716418	0	0	0.0746268656716418	0	0	0	0	0	0	0	0	0	0	0	0	0	0	0	0
"T8_I0_AB0_REP3"	0.076530612244898	0.48469387755102	0.142857142857143	0.142857142857143	0.0306122448979592	0.0102040816326531	0	0	0	0.0204081632653061	0.00510204081632653	0.00510204081632653	0.0714285714285714	0	0	0.0102040816326531	0	0	0	0	0	0	0	0	0	0	0	0	0
"T8_I0_AB0_REP4"	0.0550161812297735	0.336569579288026	0.168284789644013	0.174757281553398	0.0970873786407767	0.00323624595469256	0.0194174757281553	0	0.0323624595469256	0.0420711974110032	0.00323624595469256	0.00970873786407767	0.0355987055016181	0.00323624595469256	0.00323624595469256	0.00970873786407767	0	0	0	0	0.00647249190938511	0	0	0	0	0	0	0	0
"T8_I0_AB0_REP5"	0.0479041916167665	0.263473053892216	0.167664670658683	0.188622754491018	0.0898203592814371	0.0119760479041916	0.0179640718562874	0.0209580838323353	0.0269461077844311	0.0209580838323353	0.0149700598802395	0.029940119760479	0.0239520958083832	0.0029940119760479	0	0.0179640718562874	0.0389221556886228	0	0.0149700598802395	0	0	0	0	0	0	0	0	0	0
"T8_I0_AB0_REP6"	0.0547550432276657	0.213256484149856	0.195965417867435	0.210374639769452	0.0864553314121038	0.0172910662824208	0.0403458213256484	0	0.0461095100864553	0.00864553314121038	0.00288184438040346	0.0201729106628242	0.0403458213256484	0.00864553314121038	0	0.0172910662824208	0.0144092219020173	0	0.0115273775216138	0.00288184438040346	0.00576368876080692	0	0	0	0	0	0	0.00288184438040346	0
"T8_I0_AB0_REP7"	0.0526315789473684	0.224376731301939	0.238227146814404	0.182825484764543	0.0637119113573407	0.00277008310249307	0.0110803324099723	0	0.0221606648199446	0.0110803324099723	0.00831024930747922	0.0166204986149584	0.0443213296398892	0.00831024930747922	0.0110803324099723	0.0166204986149584	0.0526315789473684	0	0.0332409972299169	0	0	0	0	0	0	0	0	0	0
"T8_I0_AB0_REP8"	0.0457317073170732	0.289634146341463	0.259146341463415	0.170731707317073	0.0640243902439024	0.00914634146341463	0.0152439024390244	0.00304878048780488	0.0213414634146341	0.0335365853658537	0.00914634146341463	0.024390243902439	0.0426829268292683	0.00304878048780488	0	0.00609756097560976	0	0	0	0.00304878048780488	0	0	0	0	0	0	0	0	0
"T8_I0_AB128_REP1"	0.550847457627119	0.372881355932203	0	0	0.00847457627118644	0	0.00423728813559322	0.0254237288135593	0	0	0.0254237288135593	0	0	0	0.00423728813559322	0.00847457627118644	0	0	0	0	0	0	0	0	0	0	0	0	0
"T8_I0_AB128_REP2"	0.587121212121212	0.375	0	0	0	0.00378787878787879	0.00378787878787879	0	0	0	0.0227272727272727	0	0	0	0.00378787878787879	0.00378787878787879	0	0	0	0	0	0	0	0	0	0	0	0	0
"T8_I0_AB128_REP3"	0.598484848484849	0.348484848484849	0.00378787878787879	0	0	0	0	0.00378787878787879	0	0	0.0454545454545455	0	0	0	0	0	0	0	0	0	0	0	0	0	0	0	0	0	0
"T8_I0_AB128_REP4"	0.113074204946996	0.173144876325088	0.282685512367491	0.148409893992933	0.0918727915194346	0.0106007067137809	0.0247349823321555	0	0.0353356890459364	0.0141342756183746	0.00706713780918728	0.0176678445229682	0.0176678445229682	0.0141342756183746	0.00353356890459364	0.0176678445229682	0	0.0282685512367491	0	0	0	0	0	0	0	0	0	0	0
"T8_I0_AB128_REP5"	0.203821656050955	0.146496815286624	0.24203821656051	0.197452229299363	0.0636942675159236	0.0509554140127389	0.00636942675159236	0	0.0254777070063694	0	0.0191082802547771	0	0.0127388535031847	0.0127388535031847	0.00636942675159236	0	0	0.0127388535031847	0	0	0	0	0	0	0	0	0	0	0
"T8_I0_AB128_REP6"	0.450657894736842	0.483552631578947	0	0	0	0	0	0.0328947368421053	0	0	0	0	0	0	0.0328947368421053	0	0	0	0	0	0	0	0	0	0	0	0	0	0
"T8_I0_AB128_REP7"	0.426356589147287	0.461240310077519	0	0	0	0	0.00387596899224806	0.0465116279069767	0	0	0.00387596899224806	0	0	0	0.0581395348837209	0	0	0	0	0	0	0	0	0	0	0	0	0	0
"T8_I0_AB128_REP8"	0.16734693877551	0.175510204081633	0	0	0	0	0	0.471428571428571	0	0	0.120408163265306	0	0	0	0.00408163265306122	0.0612244897959184	0	0	0	0	0	0	0	0	0	0	0	0	0
"T8_I0_AB16_REP1"	0.660377358490566	0.308176100628931	0	0.0251572327044025	0.00628930817610063	0	0	0	0	0	0	0	0	0	0	0	0	0	0	0	0	0	0	0	0	0	0	0	0
"T8_I0_AB16_REP2"	0.54639175257732	0.365979381443299	0.00515463917525773	0.0154639175257732	0.0103092783505155	0.0154639175257732	0.0103092783505155	0	0.0103092783505155	0	0	0.0103092783505155	0.00515463917525773	0	0	0.00515463917525773	0	0	0	0	0	0	0	0	0	0	0	0	0
"T8_I0_AB16_REP3"	0.577142857142857	0.365714285714286	0.00571428571428571	0.0171428571428571	0.0171428571428571	0	0	0	0	0	0	0	0.0171428571428571	0	0	0	0	0	0	0	0	0	0	0	0	0	0	0	0
"T8_I0_AB16_REP4"	0.362179487179487	0.269230769230769	0.00320512820512821	0.131410256410256	0.115384615384615	0	0.0288461538461538	0	0.00961538461538462	0	0.0128205128205128	0.0224358974358974	0.0288461538461538	0	0.00961538461538462	0.00641025641025641	0	0	0	0	0	0	0	0	0	0	0	0	0
"T8_I0_AB16_REP5"	0.356666666666667	0.22	0.00666666666666667	0.0366666666666667	0.146666666666667	0.0533333333333333	0.02	0.04	0.0133333333333333	0	0	0.0266666666666667	0.05	0	0.01	0.02	0	0	0	0	0	0	0	0	0	0	0	0	0
"T8_I0_AB16_REP6"	0.381322957198444	0.206225680933852	0.00389105058365759	0.0272373540856031	0.101167315175097	0.0622568093385214	0.0466926070038911	0.0778210116731518	0	0	0	0	0.0778210116731518	0	0	0.0155642023346304	0	0	0	0	0	0	0	0	0	0	0	0	0
"T8_I0_AB16_REP7"	0.363636363636364	0.296442687747036	0.00395256916996047	0.0395256916996047	0.106719367588933	0.0711462450592885	0.0118577075098814	0	0.0118577075098814	0	0.00790513833992095	0.0237154150197628	0.0395256916996047	0	0.00790513833992095	0.0158102766798419	0	0	0	0	0	0	0	0	0	0	0	0	0
"T8_I0_AB16_REP8"	0.455598455598456	0.223938223938224	0.00772200772200772	0.0386100386100386	0.0656370656370656	0.0965250965250965	0.0386100386100386	0.00772200772200772	0.00386100386100386	0	0.0231660231660232	0	0.0231660231660232	0	0.00386100386100386	0.0115830115830116	0	0	0	0	0	0	0	0	0	0	0	0	0
"T8_I0_AB4_REP1"	0.254545454545455	0.357575757575758	0.0606060606060606	0.260606060606061	0.0424242424242424	0	0	0	0.00606060606060606	0	0	0.00606060606060606	0.0121212121212121	0	0	0	0	0	0	0	0	0	0	0	0	0	0	0	0
"T8_I0_AB4_REP2"	0.3359375	0.2578125	0.0546875	0.2578125	0.0234375	0	0	0	0	0.0078125	0	0	0.0625	0	0	0	0	0	0	0	0	0	0	0	0	0	0	0	0
"T8_I0_AB4_REP3"	0.313559322033898	0.330508474576271	0.110169491525424	0.127118644067797	0.0508474576271186	0	0	0	0.00847457627118644	0.00847457627118644	0	0	0.0508474576271186	0	0	0	0	0	0	0	0	0	0	0	0	0	0	0	0
"T8_I0_AB4_REP4"	0.112449799196787	0.309236947791165	0.116465863453815	0.184738955823293	0.0843373493975904	0.0160642570281124	0.0200803212851406	0	0.0281124497991968	0.00401606425702811	0	0.0160642570281124	0.0843373493975904	0.0120481927710843	0	0.0120481927710843	0	0	0	0	0	0	0	0	0	0	0	0	0
"T8_I0_AB4_REP5"	0.134883720930233	0.274418604651163	0.158139534883721	0.116279069767442	0.0744186046511628	0.027906976744186	0.0232558139534884	0	0.0465116279069767	0.013953488372093	0.0186046511627907	0.00465116279069767	0.0837209302325581	0	0.013953488372093	0.00930232558139535	0	0	0	0	0	0	0	0	0	0	0	0	0
"T8_I0_AB4_REP6"	0.155251141552511	0.219178082191781	0.0958904109589041	0.178082191780822	0.123287671232877	0.0045662100456621	0.0182648401826484	0	0.0273972602739726	0.0365296803652968	0.0091324200913242	0.0182648401826484	0.045662100456621	0.0136986301369863	0.0045662100456621	0.0273972602739726	0	0.0228310502283105	0	0	0	0	0	0	0	0	0	0	0
"T8_I0_AB4_REP7"	0.204878048780488	0.24390243902439	0.0829268292682927	0.180487804878049	0.131707317073171	0	0.0390243902439024	0.0048780487804878	0.00975609756097561	0.0195121951219512	0.0048780487804878	0.0048780487804878	0.0390243902439024	0.0195121951219512	0.0048780487804878	0.00975609756097561	0	0	0	0	0	0	0	0	0	0	0	0	0
"T8_I0_AB4_REP8"	0.141732283464567	0.279527559055118	0.106299212598425	0.224409448818898	0.0866141732283465	0	0.0433070866141732	0	0.015748031496063	0.0118110236220472	0	0.015748031496063	0.0511811023622047	0.0118110236220472	0.00393700787401575	0.00393700787401575	0	0	0	0	0.00393700787401575	0	0	0	0	0	0	0	0
"T8_I1_AB0_REP1"	0.153374233128834	0.374233128834356	0.153374233128834	0.159509202453988	0.0797546012269939	0	0	0	0	0.0245398773006135	0	0	0.0306748466257669	0	0	0	0	0.00613496932515337	0.0184049079754601	0	0	0	0	0	0	0	0	0	0
"T8_I1_AB0_REP2"	0.253521126760563	0.330985915492958	0.133802816901408	0.176056338028169	0.0492957746478873	0	0	0	0.00704225352112676	0.00704225352112676	0.00704225352112676	0	0.0211267605633803	0	0	0.0140845070422535	0	0	0	0	0	0	0	0	0	0	0	0	0
"T8_I1_AB0_REP3"	0.127659574468085	0.333333333333333	0.205673758865248	0.170212765957447	0.0709219858156028	0	0.00709219858156028	0	0.0141843971631206	0.0212765957446809	0	0	0.049645390070922	0	0	0	0	0	0	0	0	0	0	0	0	0	0	0	0
"T8_I1_AB0_REP4"	0.060126582278481	0.20253164556962	0.189873417721519	0.129746835443038	0.142405063291139	0.0189873417721519	0.0189873417721519	0	0.0443037974683544	0.0569620253164557	0.00632911392405063	0.0126582278481013	0.0411392405063291	0.00632911392405063	0	0.0126582278481013	0.0253164556962025	0.0253164556962025	0.00632911392405063	0	0	0	0	0	0	0	0	0	0
"T8_I1_AB0_REP5"	0.0711743772241993	0.149466192170818	0.145907473309609	0.249110320284698	0.0818505338078292	0.00711743772241993	0.0604982206405694	0	0.0249110320284698	0.0498220640569395	0.00711743772241993	0.0213523131672598	0.0498220640569395	0.0213523131672598	0.00355871886120996	0.0106761565836299	0.00355871886120996	0.0427046263345196	0	0	0	0	0	0	0	0	0	0	0
"T8_I1_AB0_REP6"	0.0421052631578947	0.182456140350877	0.112280701754386	0.192982456140351	0.0982456140350877	0.0280701754385965	0.0175438596491228	0	0.0350877192982456	0.0912280701754386	0.0245614035087719	0.0105263157894737	0.0526315789473684	0.0350877192982456	0	0.0350877192982456	0	0.0350877192982456	0.00350877192982456	0	0	0.00350877192982456	0	0	0	0	0	0	0
"T8_I1_AB0_REP7"	0.10062893081761	0.207547169811321	0.147798742138365	0.172955974842767	0.0943396226415094	0.0251572327044025	0.0220125786163522	0	0.0283018867924528	0.0660377358490566	0.00943396226415094	0.00943396226415094	0.0471698113207547	0.0283018867924528	0.00628930817610063	0.00628930817610063	0.00314465408805031	0.0251572327044025	0	0	0	0	0	0	0	0	0	0	0
"T8_I1_AB0_REP8"	0.0771929824561404	0.136842105263158	0.207017543859649	0.263157894736842	0.101754385964912	0.0140350877192982	0.0140350877192982	0	0.0350877192982456	0.0350877192982456	0.00350877192982456	0.0175438596491228	0.0456140350877193	0.00350877192982456	0.00701754385964912	0.00701754385964912	0	0.0315789473684211	0	0	0	0	0	0	0	0	0	0	0
"T8_I1_AB128_REP1"	0.577868852459016	0.360655737704918	0	0	0	0	0.00409836065573771	0.00819672131147541	0	0	0.0368852459016393	0	0.0122950819672131	0	0	0	0	0	0	0	0	0	0	0	0	0	0	0	0
"T8_I1_AB128_REP2"	0.614130434782609	0.304347826086957	0	0.0326086956521739	0	0	0.0108695652173913	0	0	0.00543478260869565	0.0326086956521739	0	0	0	0	0	0	0	0	0	0	0	0	0	0	0	0	0	0
"T8_I1_AB128_REP3"	0.551111111111111	0.422222222222222	0	0	0	0	0	0	0	0	0.0266666666666667	0	0	0	0	0	0	0	0	0	0	0	0	0	0	0	0	0	0
"T8_I1_AB128_REP4"	0.165441176470588	0.136029411764706	0	0	0	0	0	0.544117647058823	0	0	0.137867647058824	0	0	0	0.0165441176470588	0	0	0	0	0	0	0	0	0	0	0	0	0	0
"T8_I1_AB128_REP5"	0.282828282828283	0.34006734006734	0	0	0.00673400673400673	0	0.0774410774410774	0.191919191919192	0	0	0.0538720538720539	0	0	0	0	0.0404040404040404	0	0.00673400673400673	0	0	0	0	0	0	0	0	0	0	0
"T8_I1_AB128_REP6"	0.413461538461538	0.307692307692308	0	0	0.00480769230769231	0	0.0721153846153846	0.0913461538461538	0	0	0.0913461538461538	0	0	0	0	0	0	0.00961538461538462	0.00961538461538462	0	0	0	0	0	0	0	0	0	0
"T8_I1_AB128_REP7"	0.237196765498652	0.207547169811321	0	0	0	0	0.0404312668463612	0.320754716981132	0	0	0.188679245283019	0	0	0	0.00539083557951483	0	0	0	0	0	0	0	0	0	0	0	0	0	0
"T8_I1_AB128_REP8"	0.111969111969112	0.223938223938224	0.27027027027027	0.196911196911197	0.0617760617760618	0.0154440154440154	0.0231660231660232	0	0.0154440154440154	0.0115830115830116	0.00772200772200772	0.0115830115830116	0.00772200772200772	0.0231660231660232	0.00386100386100386	0.00772200772200772	0	0.00772200772200772	0	0	0	0	0	0	0	0	0	0	0
"T8_I1_AB16_REP1"	0.588785046728972	0.289719626168224	0	0.0560747663551402	0.0186915887850467	0.0280373831775701	0	0	0	0	0	0.0186915887850467	0	0	0	0	0	0	0	0	0	0	0	0	0	0	0	0	0
"T8_I1_AB16_REP2"	0.634328358208955	0.305970149253731	0	0	0.0298507462686567	0.0223880597014925	0	0	0	0	0	0	0	0	0	0.00746268656716418	0	0	0	0	0	0	0	0	0	0	0	0	0
"T8_I1_AB16_REP3"	0.558823529411765	0.348039215686274	0	0.0196078431372549	0.0490196078431373	0.00980392156862745	0.00490196078431373	0	0	0	0	0	0.00490196078431373	0	0	0	0	0.00490196078431373	0	0	0	0	0	0	0	0	0	0	0
"T8_I1_AB16_REP4"	0.363636363636364	0.238095238095238	0.00432900432900433	0.0346320346320346	0.0822510822510823	0.103896103896104	0.025974025974026	0.00432900432900433	0.0216450216450216	0.00432900432900433	0.0303030303030303	0.012987012987013	0.0303030303030303	0	0	0.012987012987013	0	0.0303030303030303	0	0	0	0	0	0	0	0	0	0	0
"T8_I1_AB16_REP5"	0.353413654618474	0.200803212851406	0.0321285140562249	0.0441767068273092	0.0963855421686747	0.0240963855421687	0.036144578313253	0.00803212851405622	0.0120481927710843	0.0200803212851406	0.00401606425702811	0.0441767068273092	0.0200803212851406	0	0.0120481927710843	0.0321285140562249	0	0.0401606425702811	0.0160642570281124	0	0	0.00401606425702811	0	0	0	0	0	0	0
"T8_I1_AB16_REP6"	0.10727969348659	0.233716475095785	0.206896551724138	0.226053639846743	0.0689655172413793	0.0191570881226054	0.0306513409961686	0	0.0268199233716475	0	0.0191570881226054	0.0306513409961686	0.0229885057471264	0	0	0.00766283524904215	0	0	0	0	0	0	0	0	0	0	0	0	0
"T8_I1_AB16_REP7"	0.402439024390244	0.191056910569106	0.016260162601626	0.0284552845528455	0.134146341463415	0.0975609756097561	0.00813008130081301	0	0.016260162601626	0	0.00813008130081301	0	0.0447154471544715	0	0.0040650406504065	0.0121951219512195	0	0.0365853658536585	0	0	0	0	0	0	0	0	0	0	0
"T8_I1_AB16_REP8"	0.319526627218935	0.378698224852071	0.0236686390532544	0.0473372781065089	0.0473372781065089	0.0414201183431953	0.0177514792899408	0.0177514792899408	0.0118343195266272	0.00591715976331361	0.0177514792899408	0.0177514792899408	0.0118343195266272	0	0.00591715976331361	0.0177514792899408	0	0.0177514792899408	0	0	0	0	0	0	0	0	0	0	0
"T8_I1_AB4_REP1"	0.25	0.335365853658537	0.0609756097560976	0.25609756097561	0.024390243902439	0	0	0	0	0.024390243902439	0	0.00609756097560976	0.024390243902439	0.00609756097560976	0.00609756097560976	0	0	0.00609756097560976	0	0	0	0	0	0	0	0	0	0	0
"T8_I1_AB4_REP2"	0.206521739130435	0.342391304347826	0.0652173913043478	0.21195652173913	0.0597826086956522	0	0	0	0.00543478260869565	0.00543478260869565	0.00543478260869565	0.0271739130434783	0.0543478260869565	0.0108695652173913	0	0.00543478260869565	0	0	0	0	0	0	0	0	0	0	0	0	0
"T8_I1_AB4_REP3"	0.233576642335766	0.37956204379562	0.109489051094891	0.182481751824818	0.0437956204379562	0	0.0072992700729927	0	0.0072992700729927	0.0072992700729927	0.0072992700729927	0	0.0145985401459854	0.0072992700729927	0	0	0	0	0	0	0	0	0	0	0	0	0	0	0
"T8_I1_AB4_REP4"	0.183168316831683	0.321782178217822	0.0742574257425743	0.163366336633663	0.0940594059405941	0	0	0	0.0148514851485149	0.0396039603960396	0.0148514851485149	0.0148514851485149	0.0198019801980198	0.0247524752475248	0	0.0099009900990099	0	0.0247524752475248	0	0	0	0	0	0	0	0	0	0	0
"T8_I1_AB4_REP5"	0.175115207373272	0.317972350230415	0.0691244239631336	0.19815668202765	0.0875576036866359	0.0138248847926267	0.0184331797235023	0	0.00460829493087558	0.0138248847926267	0.00460829493087558	0.0184331797235023	0.0599078341013825	0.0184331797235023	0	0	0	0	0	0	0	0	0	0	0	0	0	0	0
"T8_I1_AB4_REP6"	0.225409836065574	0.19672131147541	0.0655737704918033	0.258196721311475	0.0737704918032787	0.00409836065573771	0.0327868852459016	0	0.0163934426229508	0.0245901639344262	0.00819672131147541	0.0245901639344262	0.0163934426229508	0.0204918032786885	0	0.0122950819672131	0	0.0204918032786885	0	0	0	0	0	0	0	0	0	0	0
"T8_I1_AB4_REP7"	0.183520599250936	0.247191011235955	0.0973782771535581	0.161048689138577	0.127340823970037	0.00749063670411985	0.0262172284644195	0	0.0262172284644195	0.0112359550561798	0.0112359550561798	0.0149812734082397	0.0411985018726592	0.0224719101123595	0	0.00374531835205993	0	0.0187265917602996	0	0	0	0	0	0	0	0	0	0	0
"T8_I1_AB4_REP8"	0.165094339622642	0.259433962264151	0.122641509433962	0.235849056603774	0.0754716981132075	0.00471698113207547	0.00943396226415094	0	0.0235849056603774	0.0188679245283019	0.00471698113207547	0.00471698113207547	0.0330188679245283	0.0188679245283019	0	0.00471698113207547	0	0.0188679245283019	0	0	0	0	0	0	0	0	0	0	0
